%output: -0.0827 to 0.0454 
%angle: -acos(33.7/34.3) to  acos(33.3/34.3)
%angle: -0.1873 rad to 0.2421 rad
%
adinchannels = [2 3];           % [cart_position bar_angle]
% pendulum 2
daoutchannels = [1];
daoutoffs = [0];
daoutgain = [0.9];
ticklost = 500;


%
adinoffs = [0, 0];
adingain = [1, 1];

adinoffs = [-0.2761;-0.1570];
adinoffs = [-0.2642;-0.1587];
adinoffs = [-0.2693;-0.1576];
adinoffs = [-0.2680;-0.1657];
adinoffs = [-0.2756;-0.1597];
adinoffs = [-0.2661;-0.1505];
adinoffs = [-0.2711;-0.1683];
adinoffs = [-0.2769;-0.1613];
adinoffs = [-0.2732;-0.1636];
adinoffs = [-0.2677;-0.1619];
adinoffs = [-0.2676;-0.1550];
adinoffs = [0.0923;-0.1578];
adinoffs = [-0.2739;-0.1626];
adinoffs = [-0.2749;-0.1553];
adinoffs = [-0.2674;-0.1626];
adinoffs = [-0.2752;-0.1573];
adinoffs = [-0.2695;-0.1662];
adinoffs = [-0.2676;-0.1652];
adinoffs = [-0.2676;-0.1653];
adinoffs = [-0.2676;-0.1614];
adinoffs = [-0.2664;-0.1582];