mc = 0.5477;
mp = 0.0760;
l = 0.6;
g = 9.81;
h = 0.01;
d_cart = 4.3726;
Km = 3.7228;
d_pend = 0.0097;



ub_mtr_threshold = 0;
lb_mtr_threshold = 0.02;

x_init = [0,0,0,0];

tfinal = 20;

real = [0.06,0.1,0.2,0.3,0.4,0.5,0.6,0.7,0.8,0.9,0.93];
pend = [-0.573,-0.5590,-0.4870,-0.4180,-0.3530,-0.29,-0.225,-0.16,-0.094,-0.0247,-0.0037];
angle_bound = [deg2rad(16.5),0,-deg2rad(13)];
angle_real = [-0.0759,0.4e-3, 0.064];