mc = 0.49;
mp = 0.085;
b = 0.1;
l = 0.6;
I = 1/3*mp*l^2;
g = 9.81;
h = 0.001;

real = [0.06,0.1,0.2,0.3,0.4,0.5,0.6,0.7,0.8,0.9,0.93];
pend = [-0.573,-0.5590,-0.4870,-0.4180,-0.3530,-0.29,-0.225,-0.16,-0.094,-0.0247,-0.0037];
angle_bound = [deg2rad(16.5),0,-deg2rad(13)];
angle_real = [-0.0759,0.4e-3, 0.064];